[{"id": 0, "img_name": "00001.jpg", "width": 1255, "height": 702, "position": [-1.0570744372796086, 1.6131303170277218, -3.94481207353541], "rotation": [[0.9835066505163911, 0.010739869733008072, 0.18055282769357964], [-0.026358787853750936, 0.996089112371549, 0.08433086337599394], [-0.1789410033863407, -0.08769911865564908, 0.9799433564722566]], "fy": 1089.6938862259378, "fx": 1092.3984826512233}, {"id": 1, "img_name": "00009.jpg", "width": 1255, "height": 702, "position": [2.314391409164683, 0.9847136627384296, -2.4212305277901294], "rotation": [[0.771588063735274, 0.4700573834820826, -0.42859994882784247], [-0.4195712610094714, 0.8824935377989955, 0.21252085233674134], [0.47813368092634173, 0.015849668040416456, 0.8781440492236089]], "fy": 1089.6938862259378, "fx": 1092.3984826512233}, {"id": 2, "img_name": "00017.jpg", "width": 1255, "height": 702, "position": [4.00073772131681, -1.3625096785722792, 0.9960435998201002], "rotation": [[-0.19213516746758674, 0.6310883714686412, -0.7515394499420907], [-0.5872275390261323, 0.5396436043650533, 0.603281524395705], [0.7862874123572843, 0.557236258390417, 0.2669079569880483]], "fy": 1089.6938862259378, "fx": 1092.3984826512233}, {"id": 3, "img_name": "00025.jpg", "width": 1255, "height": 702, "position": [1.1318425918084665, -2.7852049500250984, 3.840200466068033], "rotation": [[-0.9794198388384969, 0.10419212300386001, -0.1728605819541332], [-0.12571772721871563, 0.35508816369546786, 0.9263408924722805], [0.1578981708334004, 0.9290082871036884, -0.33468159516193485]], "fy": 1089.6938862259378, "fx": 1092.3984826512233}, {"id": 4, "img_name": "00033.jpg", "width": 1255, "height": 702, "position": [-3.0154683169926173, -1.9540982961584612, 3.1672689114506465], "rotation": [[-0.6483009689487654, -0.45680355631584335, 0.6091275437847887], [0.3681775171263716, 0.5121850255088779, 0.7759586429231461], [-0.6664466741928807, 0.7273218067552136, -0.1638652491395898]], "fy": 1089.6938862259378, "fx": 1092.3984826512233}, {"id": 5, "img_name": "00041.jpg", "width": 1255, "height": 702, "position": [-4.308967621006425, 0.5042426289535376, -0.34174357586621806], "rotation": [[0.36301811894860586, -0.4956397126370032, 0.7890241571537113], [0.40859112846387097, 0.8457097868971939, 0.3432611922238277], [-0.8374193304764562, 0.19777823844753986, 0.5095219655137074]], "fy": 1089.6938862259378, "fx": 1092.3984826512233}, {"id": 6, "img_name": "00049.jpg", "width": 1255, "height": 702, "position": [-0.9462597435564005, 0.8273615196155287, -1.8493568372888478], "rotation": [[0.9638952223741797, -0.040785294420047635, 0.26313981082934035], [-0.04409560587797502, 0.9501086833219807, 0.3087864430612632], [-0.2626053651898325, -0.30924108658980365, 0.9140067683219157]], "fy": 1089.6938862259378, "fx": 1092.3984826512233}, {"id": 7, "img_name": "00057.jpg", "width": 1255, "height": 702, "position": [0.6070888530498566, 0.23666174191931275, -0.993356708400036], "rotation": [[0.9474156919735317, 0.2956061339025446, -0.12255823187980973], [-0.24501193532323817, 0.916439828178079, 0.31639720744357785], [0.20584620023569944, -0.269731449645984, 0.9406765049263218]], "fy": 1089.6938862259378, "fx": 1092.3984826512233}, {"id": 8, "img_name": "00065.jpg", "width": 1255, "height": 702, "position": [0.7868553390058344, 1.3908478983888033, -2.1765432010254275], "rotation": [[0.9854663566061633, 0.11208718724952721, -0.12764216565016281], [-0.09997870907100102, 0.9901881492547692, 0.09763035802408643], [0.13733287199308952, -0.08344993427142161, 0.9870034400853046]], "fy": 1089.6938862259378, "fx": 1092.3984826512233}, {"id": 9, "img_name": "00073.jpg", "width": 1255, "height": 702, "position": [-2.18782317225802, 1.3247057940561495, -1.133596639206991], "rotation": [[0.7351268467502561, -0.347007919378752, 0.5823864894341688], [0.3139195030830086, 0.9356565200468472, 0.16124956458217407], [-0.6008685919326644, 0.06428359341428681, 0.7967587808406029]], "fy": 1089.6938862259378, "fx": 1092.3984826512233}, {"id": 10, "img_name": "00082.jpg", "width": 1255, "height": 702, "position": [-2.1695608795193992, -1.1344896571901952, 3.00592017472582], "rotation": [[-0.8547912458260608, -0.23731359321832132, 0.46153459733040547], [0.34448821404378044, 0.40568385325602263, 0.8466099937942335], [-0.388149193537816, 0.8826680404779335, -0.2650232704401407]], "fy": 1089.6938862259378, "fx": 1092.3984826512233}, {"id": 11, "img_name": "00090.jpg", "width": 1255, "height": 702, "position": [1.951454474149082, -1.8640765262890544, 3.0055532199091055], "rotation": [[-0.652267750480979, 0.5218777773251048, -0.5497184435842509], [-0.3421686353746913, 0.444409122763718, 0.827901658755558], [0.6763633687954311, 0.7281099622574814, -0.11130353189860732]], "fy": 1089.6938862259378, "fx": 1092.3984826512233}, {"id": 12, "img_name": "00098.jpg", "width": 1255, "height": 702, "position": [3.0612409754733627, 0.5589094711967648, -1.1208776252485972], "rotation": [[0.7025603718356012, 0.4616163588492778, -0.5415895689255439], [-0.41062822122791015, 0.8845500749165943, 0.2212591894052083], [0.5811999551423108, 0.06694402294291994, 0.811002533864595]], "fy": 1089.6938862259378, "fx": 1092.3984826512233}, {"id": 13, "img_name": "00106.jpg", "width": 1255, "height": 702, "position": [-1.0398262641074996, 1.681189662286566, -2.124702159146477], "rotation": [[0.9457268816192139, -0.1217254054057929, 0.30130315474882247], [0.10624531518761297, 0.992059331695073, 0.06730687481535651], [-0.3071035629612302, -0.03164187218735113, 0.9511499322089011]], "fy": 1089.6938862259378, "fx": 1092.3984826512233}, {"id": 14, "img_name": "00002.jpg", "width": 1255, "height": 702, "position": [-0.8933617596727489, 1.668839577378902, -3.962210165734219], "rotation": [[0.9888332416562248, 0.0319385527987857, 0.1455635567055204], [-0.043994899437426724, 0.9957934464754625, 0.08037325911029518], [-0.14238423023331193, -0.08587980438752242, 0.9860787951169158]], "fy": 1089.6938862259378, "fx": 1092.3984826512233}, {"id": 15, "img_name": "00003.jpg", "width": 1255, "height": 702, "position": [-0.5876385969306956, 1.6658841683887546, -3.76447631446387], "rotation": [[0.9938830273936128, 0.06538511308092342, 0.08900176878187378], [-0.07225096201600131, 0.9944682524929116, 0.07624102092349573], [-0.08352440569480041, -0.0822051201026398, 0.9931092547561124]], "fy": 1089.6938862259378, "fx": 1092.3984826512233}, {"id": 16, "img_name": "00004.jpg", "width": 1255, "height": 702, "position": [-0.22216956457439194, 1.5904522196383581, -3.556786755222103], "rotation": [[0.9937412500624604, 0.11094592224513629, 0.013012696164709058], [-0.11162010780906792, 0.990791830009643, 0.07663224594669509], [-0.004390837846119358, -0.07760510243095413, 0.9969745075074338]], "fy": 1089.6938862259378, "fx": 1092.3984826512233}, {"id": 17, "img_name": "00005.jpg", "width": 1255, "height": 702, "position": [0.3198212333627024, 1.5921142407869333, -3.465569971670205], "rotation": [[0.9827589386080042, 0.16954210361140465, -0.07375868551627537], [-0.16315511355925436, 0.9828960483910973, 0.08541526196548457], [0.08697860372261618, -0.07190850547873502, 0.99361153844663]], "fy": 1089.6938862259378, "fx": 1092.3984826512233}, {"id": 18, "img_name": "00006.jpg", "width": 1255, "height": 702, "position": [0.9010271032117395, 1.5584051520536955, -3.385376184489464], "rotation": [[0.9577970248684481, 0.238532534776495, -0.16039666145605894], [-0.22312510589762846, 0.9687549821811925, 0.10830037681046724], [0.18121822830863746, -0.06794125662818819, 0.9810932368416679]], "fy": 1089.6938862259378, "fx": 1092.3984826512233}, {"id": 19, "img_name": "00007.jpg", "width": 1255, "height": 702, "position": [1.2868255481788746, 1.4176754297636291, -3.0852994539476697], "rotation": [[0.9152580147697349, 0.3163422774690147, -0.2494600767367008], [-0.2898826897588958, 0.9471333845093248, 0.13750046591215345], [0.2797691773192885, -0.053534245428775766, 0.9585735715053175]], "fy": 1089.6938862259378, "fx": 1092.3984826512233}, {"id": 20, "img_name": "00008.jpg", "width": 1255, "height": 702, "position": [1.6767569580744774, 1.204173843331123, -2.756742969230806], "rotation": [[0.8528565593954018, 0.39691171455265795, -0.3392591633944568], [-0.35793682892490336, 0.9174712767382389, 0.17357327806863018], [0.38015380518340436, -0.02659975960746582, 0.9245407168932059]], "fy": 1089.6938862259378, "fx": 1092.3984826512233}, {"id": 21, "img_name": "00010.jpg", "width": 1255, "height": 702, "position": [2.666893905316555, 0.7396312588771863, -2.108146814726346], "rotation": [[0.6746648234802265, 0.5345991695605602, -0.5089509837534003], [-0.47725738342206975, 0.8419404234813257, 0.25171752675808035], [0.5630743875612833, 0.07307565403911684, 0.8231689880329804]], "fy": 1089.6938862259378, "fx": 1092.3984826512233}, {"id": 22, "img_name": "00011.jpg", "width": 1255, "height": 702, "position": [2.8305679699873125, 0.45605810459633817, -1.6941005596944918], "rotation": [[0.5631731001593265, 0.5884016077163019, -0.5801892857454402], [-0.5245908365767142, 0.7970677310046258, 0.2991445910774262], [0.6384673158719056, 0.13589179602907886, 0.7575571967418138]], "fy": 1089.6938862259378, "fx": 1092.3984826512233}, {"id": 23, "img_name": "00012.jpg", "width": 1255, "height": 702, "position": [3.104458976646368, 0.17389407242997798, -1.288187725353573], "rotation": [[0.4348835248609837, 0.6319126023931413, -0.6415315913820717], [-0.5573475102047396, 0.7484544579075008, 0.35941574437824325], [0.7072765178295286, 0.20125204936873742, 0.6776854284635457]], "fy": 1089.6938862259378, "fx": 1092.3984826512233}, {"id": 24, "img_name": "00013.jpg", "width": 1255, "height": 702, "position": [3.528981354839445, -0.14761070477852473, -0.8659584818384248], "rotation": [[0.32390727883545695, 0.6609989569286387, -0.6768784629877518], [-0.5877662333445335, 0.7012222745243426, 0.4035073439863106], [0.7413601888808089, 0.26714733884161956, 0.6156438659586011]], "fy": 1089.6938862259378, "fx": 1092.3984826512233}, {"id": 25, "img_name": "00014.jpg", "width": 1255, "height": 702, "position": [3.6581820633818225, -0.3636705598986199, -0.5583699437216166], "rotation": [[0.20538085134807063, 0.6722346276588664, -0.7112800512286895], [-0.6068493938127354, 0.6576625337940015, 0.44633373709901125], [0.7678232342985315, 0.33997146500846076, 0.5430164673850543]], "fy": 1089.6938862259378, "fx": 1092.3984826512233}, {"id": 26, "img_name": "00015.jpg", "width": 1255, "height": 702, "position": [3.6665716201342997, -0.6385873017024246, -0.14276575100933397], "rotation": [[0.07967576483316491, 0.6733967617381434, -0.7349752198399836], [-0.6097163295323398, 0.6162304240912791, 0.4985038233814193], [0.7886049517977054, 0.40840771993788794, 0.45967963223888253]], "fy": 1089.6938862259378, "fx": 1092.3984826512233}, {"id": 27, "img_name": "00016.jpg", "width": 1255, "height": 702, "position": [3.852273496607366, -0.9536324158215852, 0.40888525749661947], "rotation": [[-0.05155471399556082, 0.658855809285642, -0.7505005889640575], [-0.6008243789132343, 0.579819788720612, 0.5502899947405103], [0.7977168527543853, 0.47928909353181237, 0.3659641890309648]], "fy": 1089.6938862259378, "fx": 1092.3984826512233}, {"id": 28, "img_name": "00018.jpg", "width": 1255, "height": 702, "position": [3.7920982209069254, -1.6313550017155574, 1.4776588425254], "rotation": [[-0.3507539425576859, 0.5893413217245419, -0.7277695227805363], [-0.5535924913316722, 0.49632510551806935, 0.6687277048049299], [0.7553191546104414, 0.637446622189221, 0.15216694298736766]], "fy": 1089.6938862259378, "fx": 1092.3984826512233}, {"id": 29, "img_name": "00019.jpg", "width": 1255, "height": 702, "position": [3.583571301398642, -1.8733637923503772, 1.883010399994187], "rotation": [[-0.4948736996153542, 0.5358467051494804, -0.684082107651894], [-0.5098239148240501, 0.4584669949629116, 0.7279337816059626], [0.7036899866436153, 0.7089967017625142, 0.04630420701604663]], "fy": 1089.6938862259378, "fx": 1092.3984826512233}, {"id": 30, "img_name": "00020.jpg", "width": 1255, "height": 702, "position": [3.374644824871558, -2.2118919489077062, 2.4841886325076], "rotation": [[-0.6230996854332882, 0.4757851449482465, -0.6207860161597658], [-0.45980862287366064, 0.41922959894538536, 0.7828298497752362], [0.6327106861306868, 0.773223796332386, -0.042451718944794686]], "fy": 1089.6938862259378, "fx": 1092.3984826512233}, {"id": 31, "img_name": "00021.jpg", "width": 1255, "height": 702, "position": [2.9810736397385504, -2.3998223905001654, 2.8786201012889725], "rotation": [[-0.7312722772235691, 0.4050138315835787, -0.548821148271678], [-0.4058192097335138, 0.3883672252785628, 0.8273340723919788], [0.5482258891875875, 0.8277286358193837, -0.11963979216406287]], "fy": 1089.6938862259378, "fx": 1092.3984826512233}, {"id": 32, "img_name": "00022.jpg", "width": 1255, "height": 702, "position": [2.5262395455404003, -2.5175797605026613, 3.120367163844256], "rotation": [[-0.8226655181053549, 0.33018380866594155, -0.46281756428996934], [-0.33965863093910015, 0.36736782947026414, 0.8658365274685995], [0.45590948635559575, 0.8694938357257971, -0.1900710653566628]], "fy": 1089.6938862259378, "fx": 1092.3984826512233}, {"id": 33, "img_name": "00023.jpg", "width": 1255, "height": 702, "position": [2.1134473973128407, -2.697402164771766, 3.538943659187599], "rotation": [[-0.892541179245986, 0.2566214516767357, -0.37083105842082587], [-0.2692486763409644, 0.356415638473329, 0.8946915909632144], [0.3617670433287473, 0.8983948592857008, -0.24902064808003832]], "fy": 1089.6938862259378, "fx": 1092.3984826512233}, {"id": 34, "img_name": "00024.jpg", "width": 1255, "height": 702, "position": [1.6622005843252292, -2.8439271565801434, 3.814740608104065], "rotation": [[-0.9423615668546367, 0.1806785160698562, -0.28162022503021517], [-0.20525209964920987, 0.35255370445632284, 0.9130046336485454], [0.2642465759567475, 0.9181836196017216, -0.29514841654702545]], "fy": 1089.6938862259378, "fx": 1092.3984826512233}, {"id": 35, "img_name": "00026.jpg", "width": 1255, "height": 702, "position": [0.586572134718525, -2.784618258518887, 3.9672918256232443], "rotation": [[-0.9975381284316711, 0.03035110816595853, -0.06321781835952624], [-0.04774379013401314, 0.3663476149342896, 0.9292523637503415], [0.05136353598302083, 0.9299829220287089, -0.36399663721834774]], "fy": 1089.6938862259378, "fx": 1092.3984826512233}, {"id": 36, "img_name": "00027.jpg", "width": 1255, "height": 702, "position": [-0.0355594544481585, -2.8477798177052978, 4.152926482993318], "rotation": [[-0.9989302329965455, -0.037398214412016066, 0.027198587541632863], [0.011345294693340419, 0.3719883986665343, 0.9281680427303176], [-0.04482938649801326, 0.9274836951754464, -0.37116616398846375]], "fy": 1089.6938862259378, "fx": 1092.3984826512233}, {"id": 37, "img_name": "00028.jpg", "width": 1255, "height": 702, "position": [-0.5500359409947447, -2.7095260649555293, 4.075451573685432], "rotation": [[-0.986858816572804, -0.10595647685295889, 0.12199549649651789], [0.07243526853981622, 0.38479441156226346, 0.920155635043342], [-0.1444396345332133, 0.9169004776110434, -0.37206277176378666]], "fy": 1089.6938862259378, "fx": 1092.3984826512233}, {"id": 38, "img_name": "00029.jpg", "width": 1255, "height": 702, "position": [-1.1006950883865223, -2.6212197613120973, 3.9980774302218482], "rotation": [[-0.958559007097546, -0.17554806737762269, 0.2243824992109427], [0.1363925882543164, 0.4087012829328843, 0.9024191505050759], [-0.25012335313092127, 0.895626114720309, -0.36782084069496196]], "fy": 1089.6938862259378, "fx": 1092.3984826512233}, {"id": 39, "img_name": "00030.jpg", "width": 1255, "height": 702, "position": [-1.844342193190744, -2.5638056962651348, 4.032288286469676], "rotation": [[-0.9073808629973957, -0.2479911764374655, 0.3393528338989718], [0.21110314083692847, 0.42926885610602755, 0.8781592754769526], [-0.3634493546491522, 0.8684633703194304, -0.33715862886559805]], "fy": 1089.6938862259378, "fx": 1092.3984826512233}, {"id": 40, "img_name": "00031.jpg", "width": 1255, "height": 702, "position": [-2.273940278772952, -2.3901203660760806, 3.826810211674859], "rotation": [[-0.8428562625656529, -0.3256077126771735, 0.42845412601467464], [0.2575492525265271, 0.4550004850590023, 0.8524335405878278], [-0.472505770522315, 0.828826988002449, -0.29963998528551183]], "fy": 1089.6938862259378, "fx": 1092.3984826512233}, {"id": 41, "img_name": "00032.jpg", "width": 1255, "height": 702, "position": [-2.571226333812521, -2.1694543650733817, 3.452015593438681], "rotation": [[-0.756472376052694, -0.39613802776430634, 0.5204077317144667], [0.30962477237886876, 0.48397078040283226, 0.8184771127194743], [-0.5760920452484347, 0.7802864516799448, -0.2434563795142695]], "fy": 1089.6938862259378, "fx": 1092.3984826512233}, {"id": 42, "img_name": "00034.jpg", "width": 1255, "height": 702, "position": [-3.598378809877377, -1.7574425365381459, 2.90453020400272], "rotation": [[-0.5451252226202096, -0.49988785053815127, 0.6730160685656871], [0.39943175470358083, 0.5509425157099508, 0.7327459435012993], [-0.7370839606162146, 0.6682622847860992, -0.1006615802318701]], "fy": 1089.6938862259378, "fx": 1092.3984826512233}, {"id": 43, "img_name": "00035.jpg", "width": 1255, "height": 702, "position": [-3.828199557760524, -1.4749312106974934, 2.5578355800827928], "rotation": [[-0.4360451537493172, -0.531695839407087, 0.7260607125088974], [0.4196896852296355, 0.5935459196177093, 0.6867050381473965], [-0.7960685849872383, 0.6041545958298761, -0.035665562298316904]], "fy": 1089.6938862259378, "fx": 1092.3984826512233}, {"id": 44, "img_name": "00036.jpg", "width": 1255, "height": 702, "position": [-3.986715528181234, -1.2308623222395765, 2.161957786304094], "rotation": [[-0.306026385149154, -0.5499164771348233, 0.7771355864764955], [0.4474081282122388, 0.6374654390747995, 0.6272669135183158], [-0.8403414891591169, 0.5396570041802468, 0.050955857730380576]], "fy": 1089.6938862259378, "fx": 1092.3984826512233}, {"id": 45, "img_name": "00037.jpg", "width": 1255, "height": 702, "position": [-4.314558314594637, -0.864447429629792, 1.7206294450017607], "rotation": [[-0.18765217441862506, -0.5598718952806164, 0.8070502600897002], [0.45990991624644767, 0.6759309169839363, 0.5758474315332497], [-0.8679110152395506, 0.4792294401851223, 0.13065073013843737]], "fy": 1089.6938862259378, "fx": 1092.3984826512233}, {"id": 46, "img_name": "00038.jpg", "width": 1255, "height": 702, "position": [-4.5189707073935015, -0.5334570499294015, 1.2299136507765616], "rotation": [[-0.0638331453763014, -0.5592201273082885, 0.826558031093201], [0.46541652405408324, 0.7159781422550169, 0.5203486897749139], [-0.8827869441087028, 0.41790925932115475, 0.21456715099208698]], "fy": 1089.6938862259378, "fx": 1092.3984826512233}, {"id": 47, "img_name": "00039.jpg", "width": 1255, "height": 702, "position": [-4.407944879128721, -0.2031368681266194, 0.7285863463924972], "rotation": [[0.06686954413291507, -0.5479862164376342, 0.8338102725811322], [0.4600488966262198, 0.7584816411758115, 0.4615848922053725], [-0.8853719426209832, 0.3527275245761436, 0.3028197758171224]], "fy": 1089.6938862259378, "fx": 1092.3984826512233}, {"id": 48, "img_name": "00040.jpg", "width": 1255, "height": 702, "position": [-4.313656727356334, 0.14386027845062202, 0.24161686766364676], "rotation": [[0.2278547328958902, -0.524558442190298, 0.8203174150436099], [0.44840752554077484, 0.8043549856304554, 0.38979962561530146], [-0.864299086968939, 0.2790188126602175, 0.41849204346838026]], "fy": 1089.6938862259378, "fx": 1092.3984826512233}, {"id": 49, "img_name": "00042.jpg", "width": 1255, "height": 702, "position": [-3.9455980346109722, 0.6922628873923885, -0.6693739147308082], "rotation": [[0.4995213022151256, -0.4510235313225531, 0.7396325052528718], [0.3575561586258009, 0.8850061013285352, 0.2981908684719029], [-0.789070378396038, 0.11550746644525013, 0.6033456415134969]], "fy": 1089.6938862259378, "fx": 1092.3984826512233}, {"id": 50, "img_name": "00043.jpg", "width": 1255, "height": 702, "position": [-3.56051745322261, 0.8113328158866693, -1.0162917339922253], "rotation": [[0.6407824817300858, -0.3989502368159022, 0.655924172181791], [0.3088074841287717, 0.9161511901762575, 0.2555483016666043], [-0.7028767664775174, 0.03880341844687077, 0.7102524522048104]], "fy": 1089.6938862259378, "fx": 1092.3984826512233}, {"id": 51, "img_name": "00044.jpg", "width": 1255, "height": 702, "position": [-3.2057537480878655, 1.064563965211343, -1.5201254973701503], "rotation": [[0.7377151140137269, -0.34682569189510504, 0.5792135616482018], [0.2565347404073598, 0.9376083103928626, 0.2346925291660766], [-0.6244728477042395, -0.024547825234078325, 0.7806606604386025]], "fy": 1089.6938862259378, "fx": 1092.3984826512233}, {"id": 52, "img_name": "00045.jpg", "width": 1255, "height": 702, "position": [-2.7823544064571264, 1.1478126683582115, -1.7383868634109119], "rotation": [[0.8176136959454164, -0.2895722525735005, 0.49765023333862196], [0.20340507220419454, 0.9538618620600374, 0.22084819380960435], [-0.5386410871852262, -0.07934392633886354, 0.8387909874033282]], "fy": 1089.6938862259378, "fx": 1092.3984826512233}, {"id": 53, "img_name": "00046.jpg", "width": 1255, "height": 702, "position": [-2.2880352003060445, 1.097601542746741, -1.770703117570541], "rotation": [[0.8681885434922111, -0.2280638053029598, 0.440721628309307], [0.1410266071069298, 0.9649074056556992, 0.22150664684992089], [-0.4757732117687807, -0.1301560571833733, 0.8698846197868414]], "fy": 1089.6938862259378, "fx": 1092.3984826512233}, {"id": 54, "img_name": "00047.jpg", "width": 1255, "height": 702, "position": [-1.800631400692217, 1.094159221654062, -1.8702208730698413], "rotation": [[0.9151841259495151, -0.16629652104402928, 0.3671287004562223], [0.08123008264815358, 0.9683217102327578, 0.23612441458875244], [-0.39476535978096655, -0.18627542130018018, 0.8997009381658132]], "fy": 1089.6938862259378, "fx": 1092.3984826512233}, {"id": 55, "img_name": "00048.jpg", "width": 1255, "height": 702, "position": [-1.3210720226246353, 1.0261308271063527, -2.021391368824793], "rotation": [[0.9428126626258966, -0.10479929064991146, 0.3164196452048176], [0.01815879593711277, 0.9640271704246208, 0.2651827159020985], [-0.3328280957527198, -0.24427182269425626, 0.9108000523250118]], "fy": 1089.6938862259378, "fx": 1092.3984826512233}, {"id": 56, "img_name": "00050.jpg", "width": 1255, "height": 702, "position": [-0.6425545985124709, 0.5596222728628119, -1.6092001635142485], "rotation": [[0.980784787291972, 0.026128641272240866, 0.1933351885247681], [-0.09428586103845588, 0.9310573037565011, 0.35248045836600844], [-0.17079630389700495, -0.36393624610217234, 0.9156304010615751]], "fy": 1089.6938862259378, "fx": 1092.3984826512233}, {"id": 57, "img_name": "00051.jpg", "width": 1255, "height": 702, "position": [-0.24518023833389035, 0.36629325760587833, -1.4673020060741098], "rotation": [[0.9861083498956617, 0.08596894520272118, 0.14212551750754326], [-0.13644281781360715, 0.907215884084747, 0.3979229788934207], [-0.09472950824921597, -0.41178717819410365, 0.9063430035818665]], "fy": 1089.6938862259378, "fx": 1092.3984826512233}, {"id": 58, "img_name": "00052.jpg", "width": 1255, "height": 702, "position": [0.030226980802668994, 0.13096700615500848, -1.3134690647893204], "rotation": [[0.9872559664127025, 0.1364341378237048, 0.08192302984401223], [-0.15871410254514318, 0.8817796656264647, 0.44415589035942105], [-0.011640035902452392, -0.451497892934156, 0.8921962576923348]], "fy": 1089.6938862259378, "fx": 1092.3984826512233}, {"id": 59, "img_name": "00053.jpg", "width": 1255, "height": 702, "position": [0.10172942932095035, -0.12005415018708986, -0.8793865301045176], "rotation": [[0.9830194358345591, 0.1776731954129061, 0.04588054493216481], [-0.17774442073580957, 0.8597992078792043, 0.47869848864142484], [0.045603833926509164, -0.4787249291211604, 0.8767797514593637]], "fy": 1089.6938862259378, "fx": 1092.3984826512233}, {"id": 60, "img_name": "00054.jpg", "width": 1255, "height": 702, "position": [0.1319122208477959, -0.277197626458441, -0.6197961018856611], "rotation": [[0.9763226349120313, 0.21578483505211823, 0.015199260506964454], [-0.19455377699547055, 0.8452000662486125, 0.49778075080314], [0.09456712121675886, -0.4889516877717789, 0.8671697103854029]], "fy": 1089.6938862259378, "fx": 1092.3984826512233}, {"id": 61, "img_name": "00055.jpg", "width": 1255, "height": 702, "position": [0.2907536497060531, -0.22126676649914528, -0.7194361419246507], "rotation": [[0.9666601550229786, 0.2552356395611774, -0.020564848376480194], [-0.21659115701253032, 0.8578497723521806, 0.46602793776691676], [0.13658848924753622, -0.4460364742631577, 0.8845309764117746]], "fy": 1089.6938862259378, "fx": 1092.3984826512233}, {"id": 62, "img_name": "00056.jpg", "width": 1255, "height": 702, "position": [0.5353638285714741, -0.01693514709205937, -0.9680848265895718], "rotation": [[0.9553994618692375, 0.2854554743993686, -0.07567721186330038], [-0.2343380641724163, 0.8887547051278161, 0.3939552586184038], [0.1797151633555052, -0.3586505907545676, 0.916008850291035]], "fy": 1089.6938862259378, "fx": 1092.3984826512233}, {"id": 63, "img_name": "00058.jpg", "width": 1255, "height": 702, "position": [0.6213872177479819, 0.5024778655459881, -1.007748927759518], "rotation": [[0.9484262353726197, 0.28154314233545963, -0.14567475780242525], [-0.2433679835509594, 0.9411600601157962, 0.2344989676420152], [0.2031248400350388, -0.1869524010188316, 0.9611394795314745]], "fy": 1089.6938862259378, "fx": 1092.3984826512233}, {"id": 64, "img_name": "00059.jpg", "width": 1255, "height": 702, "position": [0.6721352584632988, 0.8115810002512437, -1.0602479198709212], "rotation": [[0.9500612821599788, 0.2721108305671457, -0.15277190850609737], [-0.2329169657603487, 0.9441291157822818, 0.23317354007939917], [0.2076854525515203, -0.1859459830709574, 0.9603597472709094]], "fy": 1089.6938862259378, "fx": 1092.3984826512233}, {"id": 65, "img_name": "00060.jpg", "width": 1255, "height": 702, "position": [0.684936631815436, 0.9923973126230031, -1.0869246268579946], "rotation": [[0.9528624741212698, 0.2638692836688049, -0.1497534859280553], [-0.22847173379941887, 0.9488089459699296, 0.21808771378075983], [0.19963409595101722, -0.1735931599560965, 0.964371112461524]], "fy": 1089.6938862259378, "fx": 1092.3984826512233}, {"id": 66, "img_name": "00061.jpg", "width": 1255, "height": 702, "position": [0.653820780777735, 1.0496922038115786, -1.096422414222242], "rotation": [[0.9509322436397277, 0.2631387866803733, -0.1627447294098792], [-0.2257222879068229, 0.949772444319704, 0.21675274566446476], [0.21160651395555657, -0.169382062082606, 0.9625655303906436]], "fy": 1089.6938862259378, "fx": 1092.3984826512233}, {"id": 67, "img_name": "00062.jpg", "width": 1255, "height": 702, "position": [0.9730982806775273, 0.9868558178899179, -1.4708827005257552], "rotation": [[0.9529697279578195, 0.24576684982178348, -0.17733401570109544], [-0.2103857387743513, 0.9576438876911076, 0.19661135594932322], [0.2181433898067275, -0.15005612248934716, 0.9643114753994644]], "fy": 1089.6938862259378, "fx": 1092.3984826512233}, {"id": 68, "img_name": "00063.jpg", "width": 1255, "height": 702, "position": [1.045458875665972, 1.0271097460496599, -1.7304625166619747], "rotation": [[0.9628832560000761, 0.2058402195305227, -0.17460137267020098], [-0.17869459152733655, 0.9709396718207952, 0.15919923568725033], [0.20229700510282037, -0.12208995744184922, 0.9716840865313566]], "fy": 1089.6938862259378, "fx": 1092.3984826512233}, {"id": 69, "img_name": "00064.jpg", "width": 1255, "height": 702, "position": [0.842185068307004, 1.2373155387344994, -2.0702176680920874], "rotation": [[0.9776772798184017, 0.1571673678775339, -0.13944731980693761], [-0.14002631106293034, 0.9821919873506445, 0.1252658460806408], [0.15665174348534353, -0.10294327787009332, 0.9822743571957698]], "fy": 1089.6938862259378, "fx": 1092.3984826512233}, {"id": 70, "img_name": "00066.jpg", "width": 1255, "height": 702, "position": [0.8591039804091234, 1.4357327566302278, -2.112052742535602], "rotation": [[0.9886830426848895, 0.08278203756152565, -0.12511185141508846], [-0.07284146785036022, 0.993962916820808, 0.08204779428160562], [0.131148624349453, -0.07200593199337052, 0.9887442460459692]], "fy": 1089.6938862259378, "fx": 1092.3984826512233}, {"id": 71, "img_name": "00067.jpg", "width": 1255, "height": 702, "position": [0.796704356633659, 1.5896500203097648, -2.0035922670809057], "rotation": [[0.9916603048907494, 0.06367529093376723, -0.11205042181306614], [-0.05799567273005775, 0.9968961466335113, 0.053240724749431215], [0.11509275237204981, -0.04629827374488992, 0.9922752280489872]], "fy": 1089.6938862259378, "fx": 1092.3984826512233}, {"id": 72, "img_name": "00068.jpg", "width": 1255, "height": 702, "position": [0.5577872313810858, 1.679858544600052, -1.9599916212540474], "rotation": [[0.9970653260319783, 0.045611530790154876, -0.061484338523914744], [-0.04128201748944406, 0.9966968819619827, 0.06993654637786217], [0.0644711614347518, -0.06719310787752256, 0.99565483758028]], "fy": 1089.6938862259378, "fx": 1092.3984826512233}, {"id": 73, "img_name": "00069.jpg", "width": 1255, "height": 702, "position": [0.1748560315263775, 1.725666166204812, -1.896993027262542], "rotation": [[0.9997359393264101, 0.006134332217560425, 0.022145464262127774], [-0.007522318312977604, 0.9979758966496369, 0.06314684816799312], [-0.02171327580856514, -0.06329675880009922, 0.9977585148617191]], "fy": 1089.6938862259378, "fx": 1092.3984826512233}, {"id": 74, "img_name": "00070.jpg", "width": 1255, "height": 702, "position": [-0.2761056534092716, 1.6250484068051911, -1.4719570889671147], "rotation": [[0.9865091780890841, -0.05458024664662687, 0.1543393605727105], [0.045752162000818025, 0.9971380793728872, 0.0601862969188225], [-0.15718263650368852, -0.05231297487758784, 0.9861830314100958]], "fy": 1089.6938862259378, "fx": 1092.3984826512233}, {"id": 75, "img_name": "00071.jpg", "width": 1255, "height": 702, "position": [-0.9856512741597413, 1.6484068303472024, -1.3236081921622227], "rotation": [[0.9429156143569344, -0.14118241210710605, 0.30162504987733413], [0.12229158866497636, 0.9892060884514486, 0.08072225165579251], [-0.30976589796761234, -0.039228064981644724, 0.950003288085949]], "fy": 1089.6938862259378, "fx": 1092.3984826512233}, {"id": 76, "img_name": "00072.jpg", "width": 1255, "height": 702, "position": [-1.6630685604018407, 1.5872940407427958, -1.2804019452874071], "rotation": [[0.8601560985338031, -0.24483674947519524, 0.4474220069034673], [0.215636641674762, 0.9695587004908786, 0.11600329766721611], [-0.4622037699135915, -0.0033003649584421543, 0.8867676035291348]], "fy": 1089.6938862259378, "fx": 1092.3984826512233}, {"id": 77, "img_name": "00074.jpg", "width": 1255, "height": 702, "position": [-2.9039959154159276, 1.2883181856869963, -0.8520380635482695], "rotation": [[0.5694835271926397, -0.43898139889230553, 0.6949703905079587], [0.4051501796919071, 0.8855298795264316, 0.22735471044497585], [-0.7152215350168403, 0.1520926161667881, 0.682148071869808]], "fy": 1089.6938862259378, "fx": 1092.3984826512233}, {"id": 78, "img_name": "00075.jpg", "width": 1255, "height": 702, "position": [-3.1908673952210975, 0.9917638520636907, -0.4518401605968744], "rotation": [[0.3544928101057642, -0.49323691834436767, 0.7943879341766654], [0.4822882092696349, 0.824281152154524, 0.29657826185055997], [-0.8010823495638928, 0.27798907277978036, 0.5300840920384525]], "fy": 1089.6938862259378, "fx": 1092.3984826512233}, {"id": 79, "img_name": "00076.jpg", "width": 1255, "height": 702, "position": [-3.446302729452242, 0.6527748107002316, 0.07854980513234687], "rotation": [[0.13924228873739442, -0.5193421934069946, 0.843146055659625], [0.5359842050589132, 0.7554656323772856, 0.3768190682862966], [-0.8326659095666982, 0.39944381888320585, 0.3835519764014567]], "fy": 1089.6938862259378, "fx": 1092.3984826512233}, {"id": 80, "img_name": "00078.jpg", "width": 1255, "height": 702, "position": [-3.5075400289132665, -0.07332601146696187, 1.3580413227259087], "rotation": [[-0.3060367143589216, -0.4898816315846681, 0.8163072439347447], [0.5574225661985529, 0.6028939172724381, 0.5707880580465171], [-0.7717652571585579, 0.6297101806004393, 0.08856340266242337]], "fy": 1089.6938862259378, "fx": 1092.3984826512233}, {"id": 81, "img_name": "00079.jpg", "width": 1255, "height": 702, "position": [-3.278880201126915, -0.458374819952748, 1.9055926799732357], "rotation": [[-0.49119747222880833, -0.441026762763833, 0.7511460828641003], [0.5275924092271349, 0.5355266953315506, 0.6594371905747929], [-0.6930882288727284, 0.7202128526438014, -0.030366986757689774]], "fy": 1089.6938862259378, "fx": 1092.3984826512233}, {"id": 82, "img_name": "00080.jpg", "width": 1255, "height": 702, "position": [-2.9380099301830054, -0.7398584795968354, 2.4008234427025057], "rotation": [[-0.6341271008199095, -0.37822597407234, 0.6744093212158072], [0.48763924658431496, 0.48126418097841855, 0.7284179798013319], [-0.6000756495613013, 0.7907780350036296, -0.12074483077705822]], "fy": 1089.6938862259378, "fx": 1092.3984826512233}, {"id": 83, "img_name": "00081.jpg", "width": 1255, "height": 702, "position": [-2.4036889690160295, -0.8490418394268421, 2.683457396162571], "rotation": [[-0.7622247018556324, -0.3022651013329632, 0.5724065970944655], [0.41715767756703254, 0.44679264956057035, 0.7914264339441318], [-0.4949676513954947, 0.8420285843217077, -0.2144641864209711]], "fy": 1089.6938862259378, "fx": 1092.3984826512233}, {"id": 84, "img_name": "00083.jpg", "width": 1255, "height": 702, "position": [-1.9474688461387426, -1.5741531048927526, 3.4552726839594916], "rotation": [[-0.9166626813078128, -0.15956203764489757, 0.3664280077179951], [0.28208341530815656, 0.3911943347599697, 0.8760113807821168], [-0.2831227216343769, 0.9063702050455503, -0.3135834432810985]], "fy": 1089.6938862259378, "fx": 1092.3984826512233}, {"id": 85, "img_name": "00084.jpg", "width": 1255, "height": 702, "position": [-1.5357445065847233, -1.7835576065672993, 3.6752630987807464], "rotation": [[-0.9614033966944953, -0.08242545536541614, 0.26250629160477273], [0.21272747293472682, 0.382415028083741, 0.8991694882248376], [-0.17450080539381826, 0.9203069002259598, -0.3501209481213501]], "fy": 1089.6938862259378, "fx": 1092.3984826512233}, {"id": 86, "img_name": "00085.jpg", "width": 1255, "height": 702, "position": [-0.9757380484318796, -2.0192072596023682, 3.885643834783069], "rotation": [[-0.9920420235766406, -0.001116931904962887, 0.12590224748225917], [0.11636204584859156, 0.3737872206617695, 0.9201863876171392], [-0.04808843669630605, 0.9275138091333571, -0.37068266229085506]], "fy": 1089.6938862259378, "fx": 1092.3984826512233}, {"id": 87, "img_name": "00086.jpg", "width": 1255, "height": 702, "position": [-0.37786601337360504, -2.1860789740675437, 4.024950055956715], "rotation": [[-0.995364475470166, 0.09616652541354374, -0.001249144462089006], [0.03387098217725246, 0.36267609652057287, 0.9312995251684327], [0.09001287429223204, 0.9269401536250795, -0.3642521572470978]], "fy": 1089.6938862259378, "fx": 1092.3984826512233}, {"id": 88, "img_name": "00087.jpg", "width": 1255, "height": 702, "position": [0.21833305991298763, -2.159791113075688, 3.7866203851464526], "rotation": [[-0.9681764611659873, 0.20772479838207783, -0.1395877794838459], [-0.05476873644113806, 0.3683741551192625, 0.9280629651854504], [0.24420222266135666, 0.9061737636774168, -0.3452743611535016]], "fy": 1089.6938862259378, "fx": 1092.3984826512233}, {"id": 89, "img_name": "00088.jpg", "width": 1255, "height": 702, "position": [0.8872848863810613, -2.0724777641281285, 3.5646884434062853], "rotation": [[-0.8974785826727493, 0.32122284212655006, -0.30223844781869535], [-0.17041697438703704, 0.3794871834659602, 0.909366555590121], [0.40680492681933034, 0.8676435692617182, -0.28583979470029197]], "fy": 1089.6938862259378, "fx": 1092.3984826512233}, {"id": 90, "img_name": "00089.jpg", "width": 1255, "height": 702, "position": [1.5127007557068703, -2.015316798091913, 3.3558034058786146], "rotation": [[-0.78631116850275, 0.42992453425131283, -0.4437112136701429], [-0.27006159066632895, 0.4067603106224913, 0.8727042952507259], [0.5556810987739386, 0.8060464903162138, -0.20373407155972248]], "fy": 1089.6938862259378, "fx": 1092.3984826512233}, {"id": 91, "img_name": "00091.jpg", "width": 1255, "height": 702, "position": [2.6387902382525543, -1.7781079611654178, 2.608555530104417], "rotation": [[-0.5042798601535492, 0.5932686439166458, -0.6274823812576895], [-0.3980561870809145, 0.48513657536793914, 0.7785844688708294], [0.7663244055686341, 0.6423977112237962, -0.008490350069791234]], "fy": 1089.6938862259378, "fx": 1092.3984826512233}, {"id": 92, "img_name": "00092.jpg", "width": 1255, "height": 702, "position": [3.09608927981308, -1.6297696288776886, 2.1822411008301446], "rotation": [[-0.35370345968665584, 0.6330197223425553, -0.6886072129531058], [-0.4389340042019866, 0.5377713329299562, 0.7198186809426027], [0.8259726403222445, 0.5568554791003607, 0.08764230048901774]], "fy": 1089.6938862259378, "fx": 1092.3984826512233}, {"id": 93, "img_name": "00093.jpg", "width": 1255, "height": 702, "position": [3.249264736889709, -1.3626768161995788, 1.6012552130461826], "rotation": [[-0.1932965052357166, 0.658307316309881, -0.7275080331903835], [-0.4716477276048781, 0.5878520110478749, 0.6572506631051227], [0.8603399805360744, 0.4701717669106165, 0.19685941047187916]], "fy": 1089.6938862259378, "fx": 1092.3984826512233}, {"id": 94, "img_name": "00094.jpg", "width": 1255, "height": 702, "position": [3.5015125724685885, -1.0038572055178143, 0.9940506329895095], "rotation": [[-0.005714140310216883, 0.6625373591924963, -0.74900707358125], [-0.5046386483947779, 0.644737184538695, 0.5741548549123386], [0.8633117531615137, 0.3812587186509316, 0.3306578387182786]], "fy": 1089.6938862259378, "fx": 1092.3984826512233}, {"id": 95, "img_name": "00095.jpg", "width": 1255, "height": 702, "position": [3.4489567462901127, -0.6306924410109821, 0.5043461613182387], "rotation": [[0.18530825824739539, 0.6453056176408879, -0.7411082979338639], [-0.5075285237629379, 0.7086469390609503, 0.4901370352529573], [0.8414723091060866, 0.2853071600935697, 0.4588291374869436]], "fy": 1089.6938862259378, "fx": 1092.3984826512233}, {"id": 96, "img_name": "00096.jpg", "width": 1255, "height": 702, "position": [3.245483855022658, -0.3111801501757887, 0.022170855411249427], "rotation": [[0.3802591617265689, 0.6040723826081051, -0.700356713748911], [-0.4928963209489251, 0.7731052278153916, 0.39920110661109837], [0.7825958003452491, 0.1934033693984628, 0.5917254008298954]], "fy": 1089.6938862259378, "fx": 1092.3984826512233}, {"id": 97, "img_name": "00097.jpg", "width": 1255, "height": 702, "position": [3.2762020789135753, 0.17005832341650437, -0.7067112789795245], "rotation": [[0.5552715688286946, 0.5371751054424659, -0.6349144752983634], [-0.45794334746325066, 0.8347492351532665, 0.3057476163851308], [0.6942343807135113, 0.12098190155520028, 0.7095082833423546]], "fy": 1089.6938862259378, "fx": 1092.3984826512233}, {"id": 98, "img_name": "00099.jpg", "width": 1255, "height": 702, "position": [2.7047982427218553, 0.9076124337580472, -1.4062379256343818], "rotation": [[0.8055983221432096, 0.3875491616004514, -0.4481260879516306], [-0.3613313324857348, 0.9208135002954682, 0.14677249687080687], [0.46952210972874203, 0.043682319265290794, 0.8818394658096657]], "fy": 1089.6938862259378, "fx": 1092.3984826512233}, {"id": 99, "img_name": "00100.jpg", "width": 1255, "height": 702, "position": [2.2922755165678694, 1.2945799242011542, -1.9812143966077984], "rotation": [[0.8759395524051737, 0.3268114894972365, -0.3548579305367451], [-0.31593752436674977, 0.9445030374629739, 0.08998607070111064], [0.3645728750596145, 0.03329057758305618, 0.9305795808070115]], "fy": 1089.6938862259378, "fx": 1092.3984826512233}, {"id": 100, "img_name": "00101.jpg", "width": 12